find_Pm

 Solver for LMI feasibility problems L(x) < R(x)
    This solver minimizes  t  subject to  L(x) < R(x) + t*I
    The best value of t should be negative for feasibility

 Iteration   :    Best value of t so far 
 
     1                        0.017183
     2                    3.009341e-03
     3                    3.009341e-03
     4                    1.343252e-03
     5                       -0.016480

 Result:  best value of t:    -0.016480
          f-radius saturation:  0.000% of R =  1.00e+09
 

eig_P =

    0.1989
    0.3975
    0.3999
    0.4057
    0.5700


no_of_0 =

     1


no_of_1 =

    36


Q =

   -0.3977    0.0041   -0.0255   -0.0071   -0.0011
    0.0041   -0.3890   -0.0386   -0.0015   -0.0002
   -0.0255   -0.0386   -0.2176    0.1426   -0.0181
   -0.0071   -0.0015    0.1426   -0.1518   -0.0016
   -0.0011   -0.0002   -0.0181   -0.0016   -0.4117


no_of_0 =

     2


no_of_1 =

    37


Q =

   -0.3985    0.0029   -0.0191   -0.0046   -0.0010
    0.0029   -0.3907   -0.0324    0.0009   -0.0004
   -0.0191   -0.0324   -0.2205    0.1412   -0.0146
   -0.0046    0.0009    0.1412   -0.1525   -0.0003
   -0.0010   -0.0004   -0.0146   -0.0003   -0.4114


no_of_0 =

     3


no_of_1 =

    45


Q =

   -0.3996    0.0007   -0.0032    0.0014   -0.0002
    0.0007   -0.3956    0.0018    0.0138    0.0013
   -0.0032    0.0018   -0.4552    0.0521   -0.0257
    0.0014    0.0138    0.0521   -0.1862   -0.0045
   -0.0002    0.0013   -0.0257   -0.0045   -0.4118

